2183167
602774
709015
547210
322167
5270575
2288456
168370
1053506
1186688
212361
267184
340449
291095
258339
2842547
513341
180945
525180
993442
1654196
402537
574304
222918
762321
826716
1931836
426686
151449
278775
1533507
421766
1745221
14657434
4168415
292660
372633
1341056
346973
225562
1780055
2130544
571463
772904
1380366
1096610
796591
908877
408728
286767
346114
728949
328979
953181
1279884
320351
204133
618617
937910
593990
768417
86076
1892320
353048
1096397
419440
595907
386514
78550
242196
270271
566633
490184
190708
99265
192435
233009
236978
130655
512873
360388
