   Y(Boylam)    X(Enlem)
   35.3946080   37.5453480
   35.8124309   37.0287650
   35.1488790   37.0989702
   35.9103910   37.8144670
   35.6613060   37.2577330
   35.0581510   37.2573500
   35.3839860   36.5664290
   35.8192730   37.4521220
   34.8736130   37.4255840
   36.0895870   37.9860900
   35.5220012   37.1034441
   35.3308285   36.9914194
   36.2204840   38.2625370
   35.7882140   36.7686490
   35.3308285   36.9914194
   38.2772592   37.7636500
   37.8609080   37.6933940
   38.2371970   38.0330700
   39.0322699   38.0288560
   37.6418580   37.7834090
   38.6190050   37.7868990
   38.4824410   37.5792090
   38.6311210   38.0321690
   37.9151000   37.7966000
   30.5387038   38.7568852
   30.0092850   37.8987840
   30.9239010   38.9842570
   31.0484000   38.7126000
   31.0260430   38.5922569
   30.7815460   38.7014680
   29.8601000   37.9199000
   30.1688000   38.0668999
   31.1510000   39.0202000
   29.8858360   38.0418310
   29.9696680   38.5766730
   30.4167880   39.0318810
   30.7491960   38.8612860
   30.1524000   38.2588000
   30.2726280   38.4651790
   30.2448100   38.7421880
   31.2299120   38.5316370
   30.5444170   38.5328970
   43.0505910   39.7190740
   43.6773000   39.5401000
   44.0687780   39.5470740
   42.6768000   39.8014000
   42.9864090   39.6087560
   42.8633030   39.2335780
   43.4334061   39.6354363
   42.7718000   39.5422000
   33.9140919   38.8689980
   34.0297000   38.3686260
   33.4127930   38.4017580
   34.3461390   38.3943430
   34.3726350   38.2775279
   34.0408000   38.7366000
   33.8445170   38.9849100
   35.8373470   40.6564550
   35.5242420   40.3973990
   35.2159369   40.8736220
   35.0233340   40.7826720
   35.4617530   40.8747700
   35.6455990   40.8364750
   36.3225420   40.7605510
   33.0826629   40.1310990
   32.9833371   40.0092683
   32.3322069   40.0194270
   33.1237710   39.5533740
   31.9204410   40.1682180
   32.4765360   40.4916200
   32.9212265   39.8451842
   33.0326680   40.2387400
   33.2262660   39.9221290
   32.6503510   39.9310354
   33.8057930   39.0202360
   32.8057520   39.7982930
   32.2455300   40.2105120
   32.4956570   39.4342320
   33.4113840   40.1065309
   32.6811820   40.2051670
   32.8310150   40.0210623
   32.6502030   40.4703480
   33.0563914   39.9124056
   31.3506170   40.1888680
   32.1447010   39.5850470
   32.9033560   40.0384630
   32.5842290   39.9667510
   33.5391600   38.9378900
   32.6955470   39.9904289
   31.7903690   37.0459530
   30.8501760   36.9475970
   31.9954080   36.5444430
   29.9874790   36.2444440
   30.6012090   37.0230260
   29.9166620   36.7378380
   30.1460370   36.2971910
   32.3143040   36.2685620
   31.9989580   36.8149420
   31.5955330   37.0959660
   29.6395500   36.1999130
   30.5597620   36.6027920
   30.7133233   36.8968908
   30.4818446   36.8375320
   30.1965860   37.0644260
   30.2857650   36.3669480
   31.4412820   36.7868690
   30.7694760   36.8827594
   31.1044470   36.9173990
   42.7022800   41.1129500
   43.1238114   41.1194667
   42.8395200   41.3396169
   42.6095339   40.7933520
   42.8477770   41.2334090
   42.7278010   41.5095990
   42.0655290   41.1233780
   41.3089950   41.3530550
   41.8208190   41.1809370
   41.6791000   41.3637000
   41.4198430   41.3946180
   41.5622610   41.2784870
   42.3546720   41.2527570
   41.5436470   40.8206690
   28.3101570   37.6728730
   28.7429600   37.9639030
   28.0611400   37.6140810
   27.2647290   37.3760940
   27.8455601   37.8380162
   27.6011340   37.8726480
   27.7234240   37.8537850
   28.6072310   37.7290680
   27.8358090   37.5603500
   27.6904167   37.6643375
   28.0521330   37.8536940
   27.2610150   37.8579130
   28.4597860   37.9138610
   28.3242940   37.9097770
   27.4056660   37.7519610
   28.1544630   37.8897330
   28.1956790   37.8233960
   27.8817576   39.6452994
   26.6923870   39.3191850
   27.5788210   39.7498720
   27.9714050   40.3537070
   28.1315440   39.3938830
   26.9801720   39.5030550
   28.6270580   39.5856710
   27.0218880   39.5946640
   27.7916730   40.3983200
   26.8399600   39.3909329
   27.6583730   40.1025720
   27.1002360   39.5577900
   27.4853840   39.5820070
   27.8455209   39.6560344
   28.1524460   39.6903999
   27.9695290   40.0474090
   27.5572200   40.5877620
   27.6539000   39.3834240
   28.1749790   39.2388490
   28.1569020   39.9139100
   32.3855370   41.7470209
   32.3338110   41.6376020
   32.7206920   41.8439030
   32.6398040   41.5837460
   41.1292832   37.8895167
   41.2927220   37.9162080
   41.3853290   37.5682959
   41.4152080   37.7128060
   41.4888610   38.1937580
   41.4202930   38.3337660
   40.1467740   40.3898430
   40.2280480   40.2603200
   39.8928490   40.1625350
   29.9793300   40.1425730
   30.0398250   39.9060580
   30.3153020   40.2836170
   30.3856250   40.0491060
   30.0134000   40.3584000
   29.9034470   39.9955280
   30.1834000   40.0150999
   30.5189590   40.1780350
   40.4826800   39.2285640
   40.4966250   38.8854640
   40.5539320   38.7484050
   41.0143680   39.2979960
   40.3490480   39.3100590
   41.0537720   38.9679120
   40.0690780   39.2279560
   40.5452910   39.4339430
   42.7365110   38.8049250
   42.4870730   38.7552850
   42.1095020   38.4005690
   42.0206200   38.5764340
   42.4281130   38.2255220
   41.9223200   38.4085880
   42.2812760   38.5019980
   31.6082090   40.7325410
   32.0624770   40.7207660
   32.1933230   40.8003250
   30.7856500   40.4032050
   31.8655207   40.4514949
   32.0738680   40.9391390
   31.2119360   40.4625810
   31.5698640   40.4111590
   32.0299400   40.7713230
   30.5340000   37.6493670
   29.5446150   36.9975510
   30.5898340   37.4565480
   30.2823330   37.7183360
   29.6897710   37.1551450
   30.4827470   37.5338470
   29.5074580   37.1408080
   29.8238570   37.3729240
   30.0612160   37.3533190
   29.7747150   37.3095000
   29.7529020   37.5068580
   28.8853770   39.7731880
   29.1554160   40.4318200
   29.1937200   40.2178940
   29.1563000   39.6778000
   29.5096969   40.0800822
   29.7197430   40.4295240
   28.3590000   40.2160370
   29.2358960   39.9128860
   29.2125320   40.2009500
   28.8832460   40.3769730
   28.4051770   40.0394409
   29.0609636   40.1885281
   28.9907000   39.9037999
   29.3088060   40.4900800
   29.0609636   40.1885281
   29.6506870   40.2641980
   29.1623231   40.1787113
   26.4018570   39.6037530
   26.6120470   39.8095230
   27.2436250   40.2265270
   26.0357170   39.8205136
   27.0466340   40.0281670
   26.4085870   40.1467200
   26.3593940   40.1842860
   26.3358660   39.7871260
   26.6699970   40.4139849
   25.9039948   40.1929461
   26.6843049   40.3454770
   27.2593310   39.9295430
   33.0754760   40.8155120
   33.2040370   40.9430070
   33.7600452   40.5178931
   32.8911280   40.8113249
   33.4996650   40.5289820
   33.6271780   40.9252380
   33.9871300   40.3474320
   33.5181920   40.7358810
   33.2607470   40.8412990
   33.1083650   40.6257290
   33.2826639   40.4831640
   33.7788060   40.7570500
   34.8417680   40.1692820
   34.2628620   40.6445030
   34.6092790   40.0215650
   34.9537242   40.5499256
   34.8089210   40.8587640
   34.4710110   40.7306480
   34.4871550   41.1345300
   34.8874620   40.7706090
   35.2952880   40.5205259
   34.7048360   40.7542900
   35.2482040   40.2727600
   34.8001220   40.9689580
   34.3752290   40.1636590
   34.4516140   40.4454220
   29.3511430   37.4263850
   28.8587820   37.8106610
   29.6069090   37.9767480
   29.4187850   38.2301670
   28.8975090   37.2359950
   29.6063900   37.8210210
   28.8345980   38.0442060
   29.3972790   38.0830130
   29.3514820   37.0767680
   29.6683230   37.8250350
   29.7402580   38.3021200
   29.0643560   38.1544809
   29.2642560   37.7569600
   28.8498920   37.4518930
   29.0772146   37.7835168
   29.1103070   37.9186089
   28.9230780   37.9244520
   29.2660390   37.5879550
   29.0713290   37.5730680
   40.2109826   37.9249733
   40.6686880   37.8500550
   39.4561190   38.1350920
   40.4134839   37.7241370
   39.2884070   38.2123240
   40.0755780   38.3733080
   40.0811520   38.2579120
   39.7617290   38.2680350
   40.3961619   38.4111750
   40.7808110   38.2537570
   40.2109826   37.9249733
   40.5055200   38.2918189
   41.0098610   38.5001190
   40.6520570   38.4531880
   41.0128070   38.1412250
   40.3886040   38.0597606
   40.2109826   37.9249733
   31.1239760   41.0881810
   30.9507580   40.8733379
   31.0468650   40.8934330
   31.1626090   40.8387200
   30.9964060   40.7767300
   30.9390580   40.8460270
   31.3038630   40.7760330
   31.4430390   40.9602829
   26.5557145   41.6771297
   26.0845740   40.7250240
   26.8215100   41.5488659
   26.3939410   40.9292320
   26.6300410   40.8586150
   26.7346250   41.8391420
   26.4181750   41.1910490
   26.9102500   41.7677750
   26.6876790   41.2669790
   38.7155730   38.9430030
   39.8617130   38.4618350
   40.1346260   38.5635100
   38.8237160   38.5678290
   39.2225150   38.6748160
   40.0359460   38.9557800
   38.7445420   38.7938890
   39.8665910   38.7179150
   39.6675960   38.3916910
   39.9324570   38.6924340
   39.3093440   38.4470410
   40.0370930   39.8042360
   39.4911240   39.7467970
   38.5647130   39.4564840
   39.0350240   39.6022520
   38.4968960   39.2620410
   40.0221000   39.9736000
   38.7680680   39.8995830
   40.3836670   39.7776310
   39.7013070   39.7102980
   40.6947040   39.9201880
   41.1051880   39.9457900
   40.9775800   39.6120469
   41.7094210   39.3596430
   42.1688770   40.0400490
   41.0003920   40.4842770
   42.1127430   39.3506840
   42.1455550   39.7027600
   41.8731180   39.9735990
   41.8701960   40.3436860
   41.9956340   40.5459630
   42.1285560   40.8278080
   41.2658236   39.9054993
   41.6680769   39.9771820
   40.7736590   40.4143029
   42.3471199   40.5615990
   41.5073810   39.6454450
   41.5499520   40.2946510
   41.5479410   40.5327900
   41.2658236   39.9054993
   30.9586120   39.7657570
   31.2057720   39.6893990
   31.0408000   39.3820000
   31.8100000   39.3842000
   30.8617000   39.1606000
   30.1455000   39.8225000
   30.9863530   39.4943700
   30.5770510   40.0262260
   31.5370003   39.9232301
   30.5256311   39.7667061
   30.6176020   40.0373990
   30.6939120   39.4456190
   31.5378000   39.4513000
   30.5256311   39.7667061
   37.6895570   37.4253700
   36.6311120   37.0253439
   37.9953209   36.8358009
   37.7969490   37.0099260
   36.7405870   37.1759879
   37.5107090   36.9653430
   37.3781100   37.0659530
   37.3781100   37.0659530
   37.5668330   37.3182540
   38.7675310   40.3181740
   38.2320430   40.9375130
   38.7475310   40.1294530
   39.0097450   40.9170880
   38.4494150   40.7399180
   38.9161610   40.8101530
   38.7084850   40.9497440
   39.1410310   41.0630480
   38.3926530   40.9175320
   39.0020710   41.0332770
   38.8076300   40.8929770
   38.5130430   40.9156260
   38.1196460   40.9545620
   38.4221660   40.2884960
   38.8145950   41.0074570
   38.6224410   40.8642169
   39.6356538   40.3842900
   39.4322560   40.1287480
   39.6531360   40.2103510
   39.0854310   40.7019920
   39.1278060   40.1893640
   39.2932790   40.5578660
   43.6122749   37.2469030
   43.7367820   37.5774270
   44.5769600   37.3034419
   44.2822990   37.5717160
   36.3064595   36.0772722
   36.1613221   36.2022842
   35.8879642   36.4071516
   36.1947070   36.4903080
   36.1436350   36.1935153
   36.2215650   36.8433580
   36.2052290   36.9538390
   36.5219630   36.7986350
   36.1756161   36.5846730
   36.3607030   36.4967300
   36.4510820   36.3627180
   36.2088316   36.7428656
   36.5675930   36.2685230
   35.9685370   36.0869920
   36.0626750   35.9029710
   44.5160550   39.8739020
   44.0436151   39.9200596
   44.1743820   39.9707050
   43.6631640   40.0400149
   31.0695710   37.7992510
   30.6407850   37.9505960
   30.8508890   37.8740669
   31.0147740   38.1208310
   30.5123230   37.9588899
   30.5537050   37.7626487
   30.3013600   37.9430580
   30.5501780   38.1079409
   30.9786510   37.4952650
   31.3617910   38.0797960
   30.4509450   38.0783289
   31.1758050   38.2994730
   31.3832820   37.7059440
   29.1295640   40.8746550
   28.7388890   41.1863940
   29.1277780   40.9833330
   28.7314618   41.0153479
   28.8247220   41.0456474
   28.8247220   41.0085450
   28.8536084   40.9831984
   28.8166670   41.0833330
   28.9004553   41.0481503
   29.0020000   41.0440000
   29.1056900   41.1327190
   28.6498144   40.9910381
   28.9775000   41.0369440
   28.5854530   41.0244740
   28.4574690   41.1422590
   29.3177272   41.1042350
   28.8538545   41.0794133
   28.6940580   41.0412899
   28.9344440   41.0550000
   28.9338640   41.0201690
   28.9004553   41.0759477
   28.8742440   41.0205460
   29.0822700   40.9801410
   28.9819731   41.0814028
   29.1936490   40.8996510
   28.7753420   41.0086579
   29.1739513   40.9498022
   29.2581350   40.8793260
   29.2901829   41.0287028
   29.0499500   41.1663280
   28.2478680   41.0736780
   29.2620080   40.9684230
   28.8713314   41.1255794
   29.6095880   41.1749030
   29.0110762   41.1243090
   29.3598782   40.8982305
   29.1274334   41.0182327
   29.0319380   41.0322360
   28.8961400   40.9906350
   26.9707400   38.7995610
   27.0499859   38.3890827
   27.6479490   38.2174819
   27.1382404   38.4793887
   27.1799130   39.1214490
   28.2106000   38.0847000
   27.2176900   38.4709820
   27.1747090   38.3854789
   26.3032150   38.3243110
   26.9616941   38.4940251
   26.8891990   39.0749000
   26.7579180   38.6703780
   27.1225200   38.3251500
   26.8995920   38.3349260
   27.0441009   38.3465505
   26.5127380   38.6382509
   27.1382404   38.5183996
   27.4188000   38.4275000
   27.3818000   39.0859000
   28.2064000   38.2302000
   27.1441227   38.4144802
   27.1326680   38.2517440
   27.0696580   38.6103660
   26.9970153   38.3777936
   27.9717606   38.2190057
   26.8344020   38.1951500
   27.3699540   37.9508450
   27.7318380   38.0894780
   27.3644940   38.1557310
   26.7668100   38.3249720
   36.9147220   38.2438020
   36.3497670   37.5757180
   37.2932080   37.7501640
   36.9494050   37.5785696
   37.1886920   38.0593220
   37.1930760   38.2065370
   36.4948690   38.0203820
   37.4474450   37.9656329
   36.9228223   37.5752755
   37.2935740   37.4894620
   36.8462380   37.3847510
   32.9586630   41.4231300
   32.5322000   40.9445000
   32.6226540   41.1956200
   32.9175140   41.0732760
   32.6831280   41.2493060
   32.3292000   41.2002000
   33.6893090   37.3617670
   32.6770010   36.7537049
   32.8920380   36.6402610
   33.2222430   37.1810090
   32.9589780   37.2273170
   32.6177660   36.6986110
   43.6273780   40.7425610
   43.3320950   40.8467470
   43.4141780   40.3750829
   43.1191180   40.1406480
   43.0974525   40.6013378
   42.5904790   40.3334010
   42.7906250   40.4641180
   43.1298040   40.7796329
   34.0147470   41.9787570
   33.5538150   41.6869900
   33.3285070   41.2426419
   33.3057190   41.6425330
   34.0116800   41.9573410
   33.0036760   41.8922210
   34.2267060   41.9511780
   33.4692280   41.4776260
   33.8352140   41.6038910
   33.4604770   42.0042990
   34.4632689   41.6254030
   33.5547240   41.2038490
   33.7593580   41.9772500
   33.7764970   41.3766250
   33.7102689   41.8059780
   33.1107660   41.6038360
   33.7185210   41.6199530
   33.2314040   41.8097410
   34.2102840   41.5099450
   34.0374679   41.0174189
   36.1735450   39.0023600
   35.8520980   38.8550619
   35.4928160   38.3886520
   35.5673410   39.0900960
   35.4525560   38.6459819
   35.1838600   38.6232980
   35.4825970   38.7204890
   35.4825970   38.7204890
   35.6991129   39.1063810
   36.3950200   38.7205129
   35.9669570   39.0778180
   36.4977980   38.4805720
   35.5555680   38.6875010
   35.7991040   38.4479250
   35.3591590   38.0991710
   35.0859440   38.3561600
   33.4718040   39.8132520
   33.7182270   39.9097750
   33.5256220   39.4646670
   34.0326160   39.9436870
   33.3781729   39.5931179
   33.6108040   39.6718339
   33.5088782   39.8397835
   33.7181270   40.1584500
   33.4523530   39.8489010
   27.0917980   41.4313239
   27.7627560   41.8226180
   27.2243690   41.7354720
   27.1571480   41.9428000
   27.3656460   41.4027420
   26.9243540   41.3471110
   27.5178880   41.6242710
   27.7671480   41.5729760
   34.0962280   39.6249810
   33.9602190   39.4519949
   34.2658410   39.2702160
   34.4180620   39.6016700
   33.7233750   39.3589370
   34.1594989   39.1460780
   34.3738540   39.0635350
   37.4669270   36.6750040
   37.1146610   36.7164770
   36.9159230   36.8858970
   37.1435520   36.8421740
   29.9509260   40.6298368
   29.3722340   40.8242150
   29.4002978   40.7738633
   29.8309180   40.7561890
   29.5441580   40.7876220
   29.4397941   40.8025157
   29.8194875   40.7167517
   29.9875350   40.7702760
   30.1523940   41.0703630
   29.6164180   40.6912740
   30.0232160   40.7533690
   29.7377180   40.7763820
   32.1208790   37.2390770
   32.3711390   37.4525980
   31.4179910   38.3602580
   32.8688880   38.3082740
   31.7242990   37.6797960
   32.2453930   37.1889120
   32.9233030   38.6568830
   31.7905520   39.0234290
   32.7810380   37.5738990
   32.0153230   38.0134320
   31.5100870   37.3910800
   31.6767500   38.1459550
   33.8361450   37.9040830
   34.0488060   37.5123160
   32.7274200   37.2679230
   32.4558750   36.9860630
   34.1868550   37.4336429
   31.5993330   37.9512790
   31.9139500   38.2817239
   32.2078680   38.2408710
   33.5465700   37.7153200
   32.4931554   37.8746429
   33.0805280   39.0902450
   32.4931554   37.8746429
   32.4070750   38.2646609
   32.4931554   37.8746429
   31.8482160   37.4192600
   32.4932270   36.9236829
   31.6294830   38.4743769
   32.0854530   37.3005340
   31.7356520   38.8134560
   30.1085560   39.0579970
   29.8703450   39.2149020
   29.6172460   39.1968720
   29.6127310   39.8009990
   29.9762000   38.8552000
   29.2578990   39.3444130
   29.3957050   38.9907360
   29.2358960   39.2465280
   29.9857320   39.4199547
   29.1239000   38.9951999
   28.9787000   39.0896000
   29.2200650   39.0249100
   29.4914000   39.5470000
   37.7960607   38.3883533
   38.4883640   39.0428349
   38.2647950   38.7826930
   38.3654439   38.4250200
   37.4906050   38.5566640
   37.8781160   38.0934150
   39.0377490   38.3102990
   37.9307790   38.8165250
   38.7731240   38.4237440
   37.6703000   38.8857000
   38.8689250   38.1959260
   38.1800750   38.5957600
   38.2474750   38.2954590
   27.9379640   38.5163810
   27.8366200   38.9176640
   28.5165410   38.3544580
   28.6585440   39.0473360
   27.9184260   38.7139130
   28.2886680   38.9330290
   27.7842460   39.1197897
   28.4042890   38.7482210
   28.6445850   38.5432340
   28.1380520   38.4870740
   28.6964340   38.2383510
   27.5698180   38.7349820
   28.8673670   38.7439880
   27.6087920   39.1851130
   27.4295624   38.6140337
   27.7084100   38.5001610
   27.3878497   38.6262479
   40.7191664   37.3271054
   41.7203810   37.5461839
   40.2679370   37.3646570
   40.5870361   37.1931114
   40.4867360   37.4773680
   41.3734300   37.4151480
   41.2139970   37.0696439
   40.9548250   37.4031100
   40.8870890   37.5339280
   40.8230190   37.3396080
   34.6414811   36.8121041
   32.8328890   36.0772860
   33.3210030   36.1431929
   32.9739010   36.1054300
   34.5935879   37.1665300
   34.3101670   36.6058189
   33.3991240   36.3387340
   34.3976356   36.8573692
   33.4371000   36.6453810
   33.9253110   36.3763300
   34.8952102   36.9165612
   34.6414811   36.8121041
   34.6414811   36.8121041
   27.4305400   37.0344070
   28.7999910   36.7666200
   27.6858440   36.7262170
   29.1263470   36.6592460
   28.3661230   37.4453820
   28.6885930   36.9660340
   28.2708780   36.8549360
   28.4321570   37.4213499
   27.7807950   37.3116380
   28.7654690   36.8387230
   29.3591524   36.6480362
   28.4177560   37.1021530
   28.1400320   37.3402530
   42.2680570   39.0965599
   41.6907780   38.6842630
   41.7858260   38.7385870
   42.5409600   39.1461450
   41.4910380   38.7345610
   41.4559740   39.1732910
   34.5088870   38.5501090
   34.8420810   38.7108140
   34.7333650   38.3745480
   34.6192030   38.7425650
   34.5608540   38.9429290
   34.8525220   39.2146450
   34.7141510   38.6246940
   34.9121820   38.6311690
   34.3712150   37.9979850
   34.5617770   37.8940250
   34.9857240   37.8334880
   34.4847720   38.1750570
   34.6766080   37.9697740
   34.4842560   37.5465460
   37.0182750   40.7913220
   29.2221615   40.9986750
   37.3988350   40.6845000
   37.5274790   40.9034710
   37.4530900   40.8795560
   37.0620698   40.9806925
   37.5003600   41.0312310
   37.6175820   40.6877270
   38.0562400   40.9668240
   37.6009079   40.7914200
   37.0800539   41.0598050
   37.8896340   40.8587260
   37.4483660   40.7506650
   37.3446320   40.8285820
   37.2614660   40.8727730
   37.7735550   40.4633070
   37.7734690   41.0670890
   37.7585390   40.8729550
   37.2886359   41.1272400
   36.5725940   37.1966220
   36.4533170   37.2401790
   36.5529870   37.1317230
   36.0974230   37.3740219
   36.2464002   37.0746279
   36.0276310   37.4473259
   36.1452160   37.0624150
   40.9890950   41.1917820
   41.0036300   41.0493070
   40.7275350   41.0901540
   40.4217770   41.0239800
   41.1400570   41.2706609
   40.6125850   40.9777280
   40.8990579   41.0482020
   40.5619510   40.7752350
   40.3606290   41.0121759
   40.4423980   40.9288090
   40.8867649   41.1806620
   40.5176660   41.0255110
   30.3948169   40.7730743
   30.6249340   40.6834860
   30.3623750   40.7145409
   30.4142630   40.7510390
   30.4867950   40.9391820
   30.2902660   40.5086350
   30.7447060   40.7950530
   30.5400970   40.6428820
   30.6923560   41.0956150
   30.3077000   41.0332999
   30.8509000   41.0555000
   30.1692400   40.5056840
   30.2614280   40.6896800
   30.3948169   40.7730743
   30.4807911   40.8840928
   30.4921270   40.3965699
   36.0307504   41.4767864
   35.5986500   41.6042940
   36.2349710   41.0371230
   36.3360667   41.2797031
   36.6308300   40.9896070
   35.9056860   41.5619590
   36.3360667   41.2797031
   36.7218210   41.1985230
   35.6669820   40.9682630
   36.3360667   41.2797031
   36.0423720   41.0791240
   35.8948250   40.9120470
   36.8252550   41.0822900
   36.4631270   41.2132689
   36.9720550   41.2086470
   35.4605940   41.1431110
   35.5304900   41.6312320
   41.7851940   38.1626490
   42.1798770   37.7505170
   41.7027890   37.9269440
   42.5476079   37.9326470
   41.9419780   37.9274040
   42.0293450   38.0622430
   42.0116590   37.9498810
   34.5883540   41.9458060
   34.7711200   41.4661050
   35.2636690   41.6511670
   35.0520860   41.4169580
   34.9095270   41.8800950
   35.1920100   41.8005990
   34.8472220   41.3281480
   35.1517250   42.0279740
   34.3369530   41.9484210
   38.3463680   40.0789440
   36.7458380   39.2734600
   38.1185210   39.3748850
   37.5375980   40.2140340
   36.0717320   39.1848720
   38.6086780   40.0612160
   37.2711670   38.7213489
   37.3895810   39.8560230
   38.1125010   39.8753580
   37.3888490   39.2358680
   37.8321850   40.3015380
   37.0150217   39.7505450
   38.0915000   40.1631540
   36.4077500   39.3501950
   37.0410449   39.4445740
   36.6003960   39.8666760
   37.7572360   39.8984450
   38.9484400   36.7133490
   37.9774760   37.0249930
   38.5264680   37.3614790
   40.0473980   36.8530580
   38.7955149   37.1674039
   37.8684640   37.2482360
   39.3124988   37.7506386
   39.0242760   36.8631310
   38.9584620   37.5890470
   38.8100855   37.2271346
   39.3177160   37.7541040
   38.4242870   36.9751199
   39.7623780   37.2358670
   43.1082301   37.6624457
   42.1854740   37.3323460
   41.9124420   37.4721150
   41.8934000   37.3402000
   42.4713000   37.2487000
   42.4537140   37.5189740
   42.8568590   37.4451100
   28.0003360   41.2833740
   27.8137319   41.1558120
   27.5014355   40.9830226
   27.1067830   41.2134500
   27.9773590   41.3244330
   26.9038860   40.8937560
   27.9548400   40.9693320
   27.4963300   41.1726200
   27.9215880   41.4410860
   27.5116740   40.9780919
   27.1114200   40.6148640
   36.9035350   40.3760640
   36.3013750   40.1179640
   37.1367034   40.5652547
   36.5712470   40.6727260
   36.9511850   40.5901590
   36.2847490   40.2772549
   37.3360330   40.3924060
   36.0837560   39.9975049
   36.5521928   40.3234643
   36.0878230   40.3861580
   36.2203550   40.0064710
   35.8867220   40.3018470
   39.5708680   41.0220420
   40.0551530   40.9397160
   39.9372150   40.9539560
   39.2312530   41.0516600
   39.3811500   41.0821780
   40.2423620   40.7484840
   40.2477660   40.7991180
   39.4252090   40.8740730
   40.3675460   40.8888140
   40.1234800   40.8084500
   39.6106620   40.8142210
   40.2633240   40.9434449
   39.7198525   41.0054651
   40.1187580   40.9113650
   39.1930330   40.9419590
   39.2908130   40.8864520
   39.2790240   41.0458330
   39.8670029   40.9540170
   38.9123720   39.0625750
   39.2186700   39.1080250
   39.6051120   39.0185440
   39.8285440   39.1811630
   39.2165880   39.3570440
   39.3245660   38.8677700
   39.8953940   39.4865039
   39.5482590   39.1061700
   29.7531740   38.7398200
   28.9713840   38.3998800
   29.5314980   38.3199450
   29.6838640   38.4999030
   29.2904510   38.4216600
   29.4058825   38.6742286
   42.8058860   38.1266279
   44.0149000   38.0476000
   43.9140000   39.1420000
   43.0589600   38.0078440
   43.2411530   38.4227450
   43.3591490   39.0290690
   43.1055000   38.2978000
   43.5632679   38.2098937
   43.3703044   38.4920082
   43.7672630   38.9945420
   43.9893000   38.6582999
   44.1701000   38.6505000
   43.3729793   38.5012085
   29.5101080   40.6966449
   28.8293870   40.5188420
   29.1192410   40.6451560
   29.3153460   40.6627480
   29.1743470   40.6060820
   29.2841860   40.6548950
   35.8822680   39.6601799
   35.2863040   40.1285710
   35.2468330   39.1936670
   35.5171960   39.2433760
   35.6445310   39.3048920
   35.4975090   40.0710849
   35.7915850   39.9972090
   35.5100369   39.6927949
   35.3755219   39.4936970
   35.1903800   39.8128210
   34.7582230   39.5004860
   35.0031260   39.2119880
   34.4694250   39.6416120
   34.8085730   39.8210490
   31.3845300   41.1826900
   32.0772040   41.4286440
   31.9544670   41.2214120
   31.4202600   41.2799090
   32.1431970   41.3060440
   31.8669620   41.4881710
   31.7539810   41.4388500
   31.7893800   41.4535210
