78121
182349
132365
333250
375490
87376
39925
312263
101917
12276
435162
470768
39243
40537
28647
29774
477238
9403
101693
28052
43615
83331
156974
64712
132028
36335
35736
82102
156983
60750
16460
164557
100254
42278
15224
29044
43274
13586
45357
158568
35966
53692
20976
107075
168695
153687
211673
34237
12505
50241
73827
277466
43367
47475
19162
11442
23422
27039
103849
27182
151789
116583
20983
12937
55406
6611
5816
7164
6713
12597
27359
19699
18442
8906
60716
10399
31779
20667
280341
331000
29964
14649
45214
256587
16477
9986
7072
15248
2928
21145
50499
5258
6762
13009
64351
102141
283120
10286
8055
44550
32093
14069
11010
47312
37246
7527
10094
27853
24310
2463
55714
40700
15541
37072
236301
36325
35544
10624
20883
13371
155815
37406
20029
147703
10759
34363
89630
132437
105860
45875
61019
23618
44363
